0
100
0
320
1088
0
0
0
0
9
1
0
8.12004e-011
0
1.16166e-009
9
1
0
8.12004e-011
0
1.16166e-009
9
1
0
8.12004e-011
0
1.16166e-009
9
1
0
8.12004e-011
0
1.16166e-009
9
1
0
8.12004e-011
0
1.16166e-009
9
1
0
8.12004e-011
0
1.16166e-009
9
1
0
8.12004e-011
0
1.16166e-009
9
1
0
8.12004e-011
0
1.16166e-009
9
1
0
8.12004e-011
0
1.16166e-009
9
1
10
74
0
0
0
100
1
630.574
1311
7.28228
0
1
0
9
1
0
8.12004e-011
0
1.16166e-009
9
1
0
8.12004e-011
0
1.16166e-009
9
1
0
8.12004e-011
0
1.16166e-009
9
1
0
8.12004e-011
0
1.16166e-009
9
1
0
8.12004e-011
0
1.16166e-009
9
1
0
8.12004e-011
0
1.16166e-009
9
1
0
8.12004e-011
0
1.16166e-009
9
1
0
8.12004e-011
0
1.16166e-009
9
1
0
8.12004e-011
0
1.16166e-009
9
1
0
8.12004e-011
0
1.16166e-009
1
7
1
1600
1314
0
0
0.00107
9
1
0
-20
0
0.054522
9
1
74
0
0
0.054522
9
1
0
0
0
0.054522
9
1
0
0
0
0.054522
9
1
0
0
0
0.054522
1
7
1
2496
1314
0
0
0.00107
9
1
0
0
0
0.054522
9
1
0
0
0
0.054522
9
1
0
0
0
0.054522
9
1
0
0
0
0.054522
9
1
0
0
0
0.054522
1
7
1
3471
1314
0
0
0.00107
9
1
0
0
0
0.054522
9
1
0
0
0
0.054522
9
1
0
0
0
0.054522
9
1
0
0
0
0.054522
9
1
0
0
0
0.054522
1
7
1
5263
1314
0
0
0.00107
9
1
0
0
0
0.054522
9
1
0
0
0
0.054522
9
1
0
0
0
0.054522
9
1
0
0
0
0.054522
9
1
0
0
0
0.054522
13
40
1
7360
1321
0
0
1
0
0
0
0
0
