5
0
0
93
1
4701.1
20481.5
0
173.228
0
9
1
0
-2.07504e-011
0
-6.58743e-010
9
1
0
-2.07504e-011
0
-6.58743e-010
9
1
0
-2.07504e-011
0
-6.58743e-010
9
1
0
-2.07504e-011
0
-6.58743e-010
9
1
0
-2.07504e-011
0
-6.58743e-010
9
1
0
-2.07504e-011
0
-6.58743e-010
9
1
0
-2.07504e-011
0
-6.58743e-010
9
1
0
-2.07504e-011
0
-6.58743e-010
9
1
0
-2.07504e-011
0
-6.58743e-010
9
1
10
-20
0
-6.58743e-010
13
5
1
704
20597.5
0
173.228
13
5
1
1408
20601.7
0
173.247
1
7
1
1599.82
20616.7
0
173.247
0.000305
9
1
1542.27
1389.7
0
5.56586
9
1
1730.77
1368.55
0
0.904193
9
1
1688.98
1366.82
0
-0.993346
9
1
2253.27
1398
20
0
9
1
0
0
0
0.02457
1
7
1
2496
20616.7
0
173.247
0.000305
9
1
2600.46
1248.42
0
-17.2911
9
1
3210.74
1398
20
0
9
1
0
0
0
0.02457
9
1
0
0
0
0.02457
9
1
0
0
0
0.02457
1
7
1
3471
20616.7
0
173.247
0.000305
9
1
3575.43
1251.16
0
-16.8518
9
1
4181.1
1398
20
0
9
1
0
0
0
0.02457
9
1
0
0
0
0.02457
9
1
0
0
0
0.02457
1
7
1
5120
20616.7
0
173.247
0.271096
9
0
2358.98
15653.6
-20
94.9948
9
0
3559.07
12479.6
-20
48.1683
9
0
4759.36
17738.4
-20
1.33291
9
1
0
0
0
0.02457
9
0
354.098
38872.2
-20
171.513
2
3
1
787.25
20685.7
0.60315
173.247
0.100351
1
2
3
1
3052.75
20685.7
-0.60315
173.247
0.100351
0
end
