12
-64
1.23165e-005
0
3.21048e-008
12
8384
1.23165e-005
0
3.21048e-008
12
-64
64
0
3.21048e-008
12
8384
64
0
3.21048e-008
12
-64
128
0
3.21048e-008
12
8384
128
0
3.21048e-008
12
-64
192
0
3.21048e-008
12
8384
192
0
3.21048e-008
12
-64
256
0
3.21048e-008
12
8384
256
0
3.21048e-008
12
-64
320
0
3.21048e-008
12
8384
320
0
3.21048e-008
12
-64
384
0
3.21048e-008
12
8384
384
0
3.21048e-008
12
-64
448
0
3.21048e-008
12
8384
448
0
3.21048e-008
12
-64
512
0
3.21048e-008
12
8384
512
0
3.21048e-008
12
-64
576
0
3.21048e-008
12
8384
576
0
3.21048e-008
12
-64
640
0
3.21048e-008
12
8384
640
0
3.21048e-008
12
-64
704
0
3.21048e-008
12
8384
704
0
3.21048e-008
12
-64
768
0
3.21048e-008
12
8384
768
0
3.21048e-008
12
-64
832
0
3.21048e-008
12
8384
832
0
3.21048e-008
12
-64
896
0
3.21048e-008
12
8384
896
0
3.21048e-008
12
-64
960
0
3.21048e-008
12
8384
960
0
3.21048e-008
12
-64
1024
0
3.21048e-008
12
8384
1024
0
3.21048e-008
12
-64
1088
0
3.21048e-008
12
8384
1088
0
3.21048e-008
12
-64
1152
0
3.21048e-008
12
4544
1152
0
3.21048e-008
12
8384
1152
0
3.21048e-008
12
-64
1216
0
3.21048e-008
12
8384
1216
0
3.21048e-008
12
-64
1280
0
3.21048e-008
12
4416
1280
0
3.21048e-008
12
4544
1280
0
3.21048e-008
12
4672
1280
0
3.21048e-008
12
8384
1280
0
3.21048e-008
12
-64
1344
0
3.21048e-008
12
8384
1344
0
3.21048e-008
12
-64
1408
0
3.21048e-008
12
64
1408
0
3.21048e-008
12
192
1408
0
3.21048e-008
12
320
1408
0
3.21048e-008
12
448
1408
0
3.21048e-008
12
576
1408
0
3.21048e-008
12
704
1408
0
3.21048e-008
11
832
1408
0
3.21048e-008
12
0
1.23165e-005
0
3.21048e-008
11
960
1408
0
3.21048e-008
12
0
1.23165e-005
0
3.21048e-008
11
1088
1408
0
3.21048e-008
12
0
1.23165e-005
0
3.21048e-008
12
1216
1408
0
3.21048e-008
12
1344
1408
0
3.21048e-008
12
1472
1408
0
3.21048e-008
12
1600
1408
0
3.21048e-008
11
0
1.23165e-005
0
3.21048e-008
12
1728
1408
0
3.21048e-008
11
0
1.23165e-005
0
3.21048e-008
12
1856
1408
0
3.21048e-008
11
0
1.23165e-005
0
3.21048e-008
12
1984
1408
0
3.21048e-008
12
2112
1408
0
3.21048e-008
12
2240
1408
0
3.21048e-008
12
2368
1408
0
3.21048e-008
12
2496
1408
0
3.21048e-008
12
2624
1408
0
3.21048e-008
11
0
1.23165e-005
0
3.21048e-008
12
2752
1408
0
3.21048e-008
11
0
1.23165e-005
0
3.21048e-008
12
2880
1408
0
3.21048e-008
11
0
1.23165e-005
0
3.21048e-008
12
3008
1408
0
3.21048e-008
12
3136
1408
0
3.21048e-008
12
3264
1408
0
3.21048e-008
12
3392
1408
0
3.21048e-008
12
3520
1408
0
3.21048e-008
11
3648
1408
0
3.21048e-008
12
0
1.23165e-005
0
3.21048e-008
11
3776
1408
0
3.21048e-008
12
0
1.23165e-005
0
3.21048e-008
11
3904
1408
0
3.21048e-008
12
0
1.23165e-005
0
3.21048e-008
12
4032
1408
0
3.21048e-008
12
4160
1408
0
3.21048e-008
12
4288
1408
0
3.21048e-008
12
4416
1408
0
3.21048e-008
12
4544
1408
0
3.21048e-008
12
4672
1408
0
3.21048e-008
12
4800
1408
0
3.21048e-008
12
4928
1408
0
3.21048e-008
12
5056
1408
0
3.21048e-008
12
5184
1408
0
3.21048e-008
12
5312
1408
0
3.21048e-008
12
5440
1408
0
3.21048e-008
11
5568
1408
0
3.21048e-008
11
5696
1408
0
3.21048e-008
11
5824
1408
0
3.21048e-008
12
5952
1408
0
3.21048e-008
12
6080
1408
0
3.21048e-008
12
6208
1408
0
3.21048e-008
12
6336
1408
0
3.21048e-008
12
6464
1408
0
3.21048e-008
11
6592
1408
0
3.21048e-008
12
0
1.23165e-005
0
3.21048e-008
11
6720
1408
0
3.21048e-008
12
0
1.23165e-005
0
3.21048e-008
11
6848
1408
0
3.21048e-008
12
0
1.23165e-005
0
3.21048e-008
12
6976
1408
0
3.21048e-008
12
7104
1408
0
3.21048e-008
12
7232
1408
0
3.21048e-008
12
7360
1408
0
3.21048e-008
12
7488
1408
0
3.21048e-008
12
7616
1408
0
3.21048e-008
12
7744
1408
0
3.21048e-008
12
7872
1408
0
3.21048e-008
12
8000
1408
0
3.21048e-008
12
8128
1408
0
3.21048e-008
12
8256
1408
0
3.21048e-008
12
832
1472
0
3.21048e-008
12
960
1472
0
3.21048e-008
12
1088
1472
0
3.21048e-008
12
1728
1472
0
3.21048e-008
12
1856
1472
0
3.21048e-008
12
1984
1472
0
3.21048e-008
12
2112
1472
0
3.21048e-008
12
2752
1472
0
3.21048e-008
12
2880
1472
0
3.21048e-008
12
3008
1472
0
3.21048e-008
12
3648
1472
0
3.21048e-008
12
3776
1472
0
3.21048e-008
12
3904
1472
0
3.21048e-008
12
5504
1472
0
3.21048e-008
12
5632
1472
0
3.21048e-008
12
5760
1472
0
3.21048e-008
12
5888
1472
0
3.21048e-008
12
6528
1472
0
3.21048e-008
12
6656
1472
0
3.21048e-008
12
6784
1472
0
3.21048e-008
12
6912
1472
0
3.21048e-008
